63
239
208
36
31
207
240
72
7
159
255
128
1
111
255
168
8
63
239
208
32
31
207
240
72
11
159
255
128
1
111
255
168
8
63
239
208
32
31
207
240
72
11
159
254
128
0
111
255
164
8
63
239
208
32
31
207
240
72
11
159
254
128
0
111
255
164
8
63
239
208
32
31
207
240
72
11
159
254
128
1
119
255
160
8
63
239
208
32
31
207
240
72
11
159
254
128
0
119
255
160
8
63
239
208
32
31
207
240
72
11
159
254
128
1
119
255
160
8
75
239
208
32
31
207
240
68
11
159
254
128
0
119
255
160
8
75
239
208
32
31
207
234
68
11
159
254
128
1
119
255
160
8
75
239
208
32
31
207
236
64
13
167
253
128
1
119
255
160
8
79
239
200
32
31
207
236
64
11
167
254
112
1
127
255
160
8
79
239
200
32
39
207
232
64
11
167
252
112
1
127
255
160
8
79
239
200
32
39
207
232
64
11
171
252
112
1
127
255
160
5
79
239
200
32
39
215
232
64
13
175
252
112
1
127
255
160
6
79
243
200
32
39
215
232
64
13
175
252
112
1
127
255
160
6
79
243
200
32
39
215
232
64
15
175
252
112
1
127
255
160
4
79
243
200
32
39
215
232
64
15
175
252
112
1
127
255
160
4
79
245
200
32
39
215
232
64
15
175
252
112
1
127
255
160
4
79
245
200
32
43
215
232
64
15
175
252
112
2
127
255
160
4
79
247
196
24
43
215
232
64
15
175
252
104
2
127
255
160
4
79
247
192
24
43
215
232
64
15
175
252
104
1
127
255
160
4
79
247
192
24
47
215
232
64
15
175
252
104
1
127
255
152
4
87
247
192
24
47
215
228
64
15
175
252
104
1
127
255
152
4
87
247
192
24
47
219
228
64
15
175
250
104
2
127
255
148
4
87
247
192
24
47
219
228
64
15
175
250
100
1
127
255
144
4
87
247
192
24
47
219
228
64
15
175
250
100
2
127
255
144
2
87
247
192
24
47
223
228
64
15
183
250
100
3
127
255
144
4
87
247
192
24
47
223
224
64
15
183
250
96
3
127
255
144
4
87
247
192
20
47
223
224
64
15
183
248
96
3
127
255
144
4
87
247
192
20
47
223
224
64
19
183
248
96
2
127
255
144
2
87
247
192
20
47
223
224
56
15
183
248
96
2
127
255
144
2
95
247
192
20
47
223
224
56
19
183
248
96
3
127
255
144
2
95
251
192
20
47
223
224
56
23
183
248
96
3
127
255
144
1
95
251
192
18
47
223
224
48
19
183
248
96
3
127
255
144
2
95
251
192
16
47
223
224
48
21
187
248
96
3
127
255
144
2
95
251
192
18
55
223
224
48
23
187
248
96
3
143
255
144
2
95
251
192
16
55
223
224
48
23
191
248
96
3
143
255
144
2
95
251
192
16
55
223
224
48
23
191
248
96
3
143
255
136
2
95
251
192
16
55
223
224
48
23
191
248
96
3
143
255
136
1
95
251
192
16
55
223
224
48
23
191
248
96
3
143
255
136
0
95
251
192
16
55
223
224
48
23
191
248
96
5
143
255
136
1
95
251
184
16
55
223
224
48
23
191
248
96
5
143
255
136
1
95
253
180
16
55
223
224
48
23
191
244
96
5
143
255
136
1
95
251
176
16
55
231
224
48
23
191
244
88
5
143
255
132
0
95
251
176
16
59
231
224
48
23
191
244
88
5
151
255
132
1
95
251
176
16
63
231
224
48
23
191
244
84
5
151
255
128
1
95
253
176
16
63
231
216
48
27
191
244
84
6
151
255
128
1
95
253
176
16
63
231
216
48
27
191
244
80
5
151
255
128
1
103
253
176
16
63
231
216
40
27
191
244
80
6
151
255
128
0
103
253
176
16
63
231
216
40
27
191
244
80
7
151
255
128
0
107
255
176
16
63
231
216
40
27
191
242
80
7
151
255
128
0
107
255
176
12
63
231
216
40
31
191
242
80
7
151
255
128
1
111
254
176
12
63
235
212
40
29
191
242
80
7
159
255
128
1
111
254
176
16
63
235
212
40
31
191
242
80
7
159
255
128
0
111
255
176
12
63
235
212
40
31
191
240
80
7
159
255
128
0
111
255
176
12
63
235
208
40
31
191
240
80
7
159
255
128
0
111
255
168
10
63
235
208
40
31
199
240
80
7
159
255
128
0
111
255
168
10
63
237
208
36
31
203
240
80
7
159
255
128
0
111
255
168
10
63
239
208
36
31
203
240
80
7
159
255
128
0
111
255
168
8
63
239
208
36
31
203
240
80
7
159
255
128
0
111
255
168
8
