52
43
35
26
20
14
9
5
2
1
0
0
2
7
10
15
22
29
37
45
56
66
77
88
100
111
124
136
149
161
173
183
195
205
214
223
231
238
244
249
253
255
255
255
255
255
252
247
243
236
229
221
212
203
192
182
170
157
146
134
122
110
98
86
74
64
53
44
36
27
21
15
8
5
3
1
0
1
3
6
9
15
22
28
37
45
55
65
76
87
100
112
123
135
147
160
171
183
194
204
213
223
230
237
243
249
253
255
255
255
255
255
252
249
244
237
230
222
213
203
193
182
171
159
147
135
122
110
99
87
76
65
55
44
35
27
20
14
9
6
3
0
0
1
2
5
10
15
21
27
36
45
54
64
76
87
98
111
123
134
147
159
171
182
193
203
213
221
230
237
243
248
253
255
255
255
255
255
252
248
244
238
230
222
214
204
194
183
172
160
147
135
124
110
99
88
76
65
55
45
36
28
21
16
10
5
3
1
0
0
3
5
9
15
21
28
35
44
54
64
74
86
98
109
121
134
146
158
169
181
192
202
212
222
229
237
243
248
252
255
255
255
255
255
253
249
243
238
231
223
214
205
194
183
172
160
149
136
124
113
100
88
77
66
56
46
37
29
22
16
10
6
2
1
0
1
3
5
9
14
20
27
35
44
53
63
73
85
97
109
122
133
145
157
169
180
192
202
212
221
229
236
243
247
252
255
255
255
255
255
252
248
244
238
232
223
215
205
195
184
173
161
149
137
125
113
100
88
78
66
56
47
38
28
21
16
10
6
3
2
0
0
2
5
9
14
19
27
34
43
52
62
73
84
95
109
120
132
145
156
168
180
191
202
211
220
228
236
242
247
252
255
255
255
255
255
253
250
245
238
232
224
215
205
196
185
174
162
150
138
125
113
102
90
78
67
57
46
37
30
22
16
11
7
3
1
0
1
2
4
9
14
18
26
33
42
52
62
73
84
95
107
119
132
144
156
168
179
190
200
211
219
228
235
242
247
251
255
255
255
255
255
254
249
245
239
232
224
215
207
197
185
174
163
150
139
127
115
102
91
79
68
57
48
39
30
23
17
11
6
3
2
0
1
2
5
8
12
18
26
34
41
51
61
72
82
94
107
119
130
143
155
166
178
190
200
210
219
227
235
241
246
252
254
255
255
255
255
253
250
246
240
232
225
216
207
197
187
176
163
151
140
128
115
103
91
80
68
59
49
39
31
23
16
11
7
4
2
0
1
2
4
8
13
19
25
33
41
50
60
71
82
94
105
118
130
142
154
167
178
189
199
209
218
227
234
241
246
250
255
255
255
255
255
254
250
246
240
233
225
217
208
197
187
176
164
152
140
128
116
103
92
80
69
59
50
40
32
24
18
12
7
4
2
0
0
1
4
7
12
18
25
31
41
50
60
70
82
93
105
117
129
141
153
165
178
188
199
209
218
226
233
241
246
250
254
255
255
255
255
254
250
246
241
234
226
217
208
198
187
177
165
153
141
129
117
104
92
82
70
60
50
41
32
24
18
12
8
4
2
1
0
2
4
7
12
18
24
32
39
49
59
69
81
93
105
116
129
141
152
164
177
188
198
208
217
226
233
240
246
250
254
255
255
255
255
254
251
247
240
234
227
218
209
199
188
178
166
154
142
129
117
106
94
82
71
60
50
40
32
24
18
12
7
4
1
0
1
2
4
7
12
17
23
30
41
49
59
69
79
92
103
115
127
140
152
164
175
186
197
207
217
225
233
239
246
250
253
255
255
255
255
254
251
246
241
234
227
218
210
199
189
178
167
155
142
131
119
106
93
82
72
61
51
41
33
25
18
12
8
4
1
1
0
1
3
7
12
17
23
31
39
48
58
69
80
91
103
115
127
139
151
163
175
185
197
206
216
225
232
239
246
249
253
255
255
255
255
255
251
246
241
235
228
219
211
201
189
178
167
156
144
131
119
107
94
83
72
61
52
42
34
26
19
13
8
4
2
1
1
1
3
6
11
16
23
31
39
47
57
68
78
90
102
114
127
138
151
163
174
185
197
206
216
224
231
239
245
250
254
255
255
255
255
254
252
247
242
235
228
219
211
200
190
180
168
156
144
132
120
107
96
84
73
62
52
43
34
26
19
14
9
5
3
1
0
1
4
6
11
15
22
29
37
47
57
67
77
89
101
113
125
138
150
162
173
185
195
205
215
224
232
238
245
249
253
255
255
255
255
254
252
247
242
236
229
220
211
202
191
180
168
157
145
133
120
109
97
85
73
63
53
44
34
27
19
13
8
5
3
1
0
1
3
6
10
16
22
29
37
46
56
66
77
89
101
112
125
136
149
160
173
184
195
