152
16
35
183
255
152
16
35
183
255
154
17
34
181
255
156
18
31
181
255
160
18
31
179
255
160
20
31
178
255
160
20
31
175
255
160
20
30
175
255
162
21
30
175
255
162
21
27
175
255
164
22
27
173
255
164
24
27
171
255
166
24
27
171
255
168
25
26
169
255
168
24
25
167
255
170
25
23
167
255
170
26
23
166
255
172
27
23
165
255
172
28
23
163
255
174
28
21
163
255
176
29
21
159
255
176
32
21
159
255
177
32
19
159
255
180
32
19
159
255
180
32
19
157
255
181
34
18
155
255
182
34
17
155
255
184
34
15
153
255
184
36
15
151
255
185
36
15
151
255
186
37
15
150
255
186
38
15
147
255
188
38
13
147
255
192
40
14
147
255
192
40
13
143
255
192
41
13
143
255
192
42
12
143
255
194
44
11
141
255
194
44
11
141
254
196
44
10
139
255
196
46
9
138
254
197
48
10
137
253
198
48
8
135
253
200
48
9
135
253
200
49
9
133
253
201
51
8
131
252
202
52
7
127
253
202
52
7
127
252
204
54
7
127
251
205
53
6
127
251
208
56
6
126
250
208
56
6
125
251
208
56
5
125
250
208
58
5
123
249
210
60
4
121
249
211
60
5
119
248
212
62
4
119
247
212
64
3
118
247
214
64
4
117
247
214
64
3
115
247
216
65
3
115
246
216
66
3
114
245
217
68
2
111
245
218
68
3
111
245
218
68
2
109
244
220
72
1
107
243
220
72
2
107
243
221
72
2
106
242
224
74
1
105
242
224
74
1
103
241
224
76
2
103
239
224
76
0
103
239
225
78
1
100
239
226
80
1
99
239
226
80
0
99
238
228
82
1
95
237
228
82
0
95
237
229
83
1
95
235
229
85
0
94
235
230
84
0
91
235
232
86
1
91
234
232
88
0
90
234
232
88
1
89
233
232
90
0
87
231
234
92
0
87
231
234
92
1
87
231
235
96
1
85
230
236
96
0
83
229
236
96
1
83
229
237
96
1
81
227
238
98
1
79
227
240
98
0
79
227
240
100
1
78
225
240
101
1
77
223
240
102
1
76
223
241
104
2
75
223
241
104
1
75
223
242
106
2
73
221
242
108
2
71
221
243
108
1
71
220
244
109
2
69
219
244
112
2
69
219
245
112
2
67
217
245
113
3
63
215
245
114
2
63
215
247
116
3
63
215
246
116
4
63
213
247
118
4
62
213
248
120
4
62
211
248
120
4
60
211
249
122
4
59
211
248
122
5
59
209
249
124
5
57
207
250
128
6
55
207
250
128
5
55
207
250
128
7
53
205
251
128
6
55
205
252
129
7
53
203
252
132
8
51
203
252
132
8
51
201
252
133
8
50
199
252
136
8
49
199
253
136
9
47
199
253
136
9
47
197
254
138
9
45
197
254
140
11
46
195
254
140
10
44
195
255
142
11
43
191
254
144
12
43
191
255
144
12
41
191
255
144
12
41
191
255
146
13
39
189
255
148
14
39
187
255
148
14
39
187
255
149
16
37
186
255
152
16
35
183
255
152
16
37
183
255
152
16
35
183
255
154
17
33
183
255
156
17
31
181
255
156
18
31
179
255
160
18
31
179
255
160
19
31
177
255
160
20
31
175
255
161
20
29
175
255
162
21
29
174
255
164
22
28
173
255
164
22
27
171
255
166
24
27
171
255
168
24
25
170
255
168
24
25
167
255
168
26
25
167
255
170
26
23
167
255
172
26
23
165
255
172
28
22
163
255
176
28
21
163
255
176
28
22
159
255
176
30
20
159
255
176
32
19
159
255
177
32
20
158
255
180
32
18
157
255
180
32
18
157
255
181
34
17
155
255
184
34
17
154
255
184
34
15
153
255
184
36
15
151
255
186
36
15
151
255
186
38
15
149
255
188
40
14
147
255
188
40
13
147
255
192
41
13
143
255
192
41
12
143
255
192
41
11
143
255
192
42
12
143
254
194
44
10
141
255
196
44
11
139
254
196
45
10
139
253
197
48
9
137
254
198
48
9
135
253
198
48
9
135
253
200
50
8
133
253
200
50
7
133
253
201
51
7
131
252
204
52
7
127
251
204
52
7
127
251
204
54
7
127
251
206
56
6
127
251
208
56
5
127
250
208
57
5
124
249
208
58
5
123
250
210
58
4
123
249
210
60
5
119
248
212
64
4
119
247
212
64
3
119
248
213
64
4
117
247
214
64
3
115
247
216
64
3
115
246
216
66
3
114
245
216
66
2
111
245
218
68
3
111
245
218
68
3
111
244
220
70
1
109
243
220
72
2
107
243
220
72
2
107
243
222
74
1
