232
0
239
96
95
232
1
231
96
87
232
0
231
96
79
232
0
223
96
79
240
0
223
96
79
240
0
223
96
79
240
1
223
96
63
240
0
223
104
63
240
1
223
128
63
240
1
223
128
63
240
1
223
128
63
244
2
215
128
63
244
2
215
128
63
244
2
215
128
63
248
2
207
128
63
248
4
207
128
63
248
4
207
128
55
248
4
207
128
55
248
4
191
128
55
248
4
191
128
47
248
8
191
136
47
252
8
191
136
47
252
8
191
144
47
252
8
191
144
47
252
8
191
144
43
252
16
191
144
39
254
16
191
160
31
254
16
191
160
31
254
16
183
160
31
254
16
183
160
31
255
16
175
160
31
255
16
175
160
31
255
16
175
160
31
255
20
175
160
31
255
24
175
168
31
255
32
159
176
27
255
32
159
176
23
255
32
159
176
23
255
32
159
176
23
255
32
159
192
23
255
32
159
192
15
255
32
159
192
15
255
32
151
192
15
255
32
151
192
15
255
40
127
192
15
255
40
127
192
15
255
40
127
192
15
255
48
127
192
15
255
48
127
192
11
255
48
127
200
11
255
48
127
200
7
255
64
127
208
7
255
64
127
208
7
253
64
127
208
7
251
64
127
208
7
251
64
127
208
7
251
64
119
208
7
247
64
111
216
7
247
64
111
224
3
247
64
111
224
3
247
64
111
224
3
247
72
111
224
3
239
72
95
224
3
239
80
95
224
3
239
80
95
224
3
239
80
95
224
1
239
80
95
224
1
239
80
95
228
1
239
96
95
232
1
239
96
95
232
1
231
96
87
232
0
223
96
79
232
1
223
96
79
240
1
223
96
79
240
1
223
96
79
240
1
223
104
63
240
0
223
104
63
240
0
223
128
63
240
0
223
128
63
240
0
223
128
63
244
0
219
128
63
244
0
215
128
63
248
2
215
128
63
248
2
207
128
63
248
4
207
128
63
248
4
207
128
55
248
4
191
128
55
248
4
191
128
47
248
8
191
128
47
252
8
191
136
47
252
8
191
136
47
252
8
191
144
47
252
8
191
144
47
252
16
191
144
39
254
16
191
144
31
254
16
191
160
31
254
16
191
160
31
254
16
183
160
31
254
16
175
160
31
255
16
175
160
31
255
16
175
160
31
255
20
175
160
31
255
20
175
160
31
255
24
159
168
27
255
32
159
176
23
255
32
159
176
23
255
32
159
176
23
255
32
159
176
23
255
32
159
192
15
255
32
159
192
15
255
32
159
192
15
255
32
151
192
15
255
32
127
192
15
255
40
127
192
15
255
40
127
192
15
255
40
127
192
15
255
48
127
192
15
255
48
127
192
11
255
48
127
200
11
255
48
127
200
7
255
64
127
208
7
255
64
127
208
7
251
64
127
208
7
251
64
127
208
7
251
64
127
208
7
247
64
119
208
7
247
64
111
216
5
247
64
111
224
5
247
64
111
224
3
247
64
111
224
3
247
72
111
224
3
239
80
95
224
3
239
80
95
224
3
239
80
95
224
1
239
80
95
224
1
239
80
95
224
1
239
96
95
228
1
239
96
95
232
1
235
96
87
232
1
231
96
87
232
1
223
96
79
240
1
223
96
79
240
1
223
96
79
240
1
223
96
63
240
1
223
104
63
240
1
223
112
63
240
0
223
128
63
240
1
223
128
63
240
0
223
128
63
240
0
215
128
63
244
1
215
128
63
248
2
215
128
63
248
2
207
128
63
248
4
207
128
63
248
4
207
128
55
248
4
191
128
55
248
8
191
128
47
252
8
191
128
47
252
8
191
136
47
252
8
191
144
47
252
8
191
144
47
252
8
191
144
47
252
8
191
144
39
252
16
191
144
31
254
16
191
160
31
254
16
183
160
31
254
16
183
160
31
255
16
175
160
31
255
16
175
160
31
255
16
175
160
31
255
16
175
160
31
255
20
175
168
31
255
24
159
168
27
255
32
159
176
23
255
32
159
176
23
255
32
159
176
23
255
32
159
192
23
255
32
159
192
15
255
32
159
192
15
255
32
159
192
15
255
32
151
192
15
255
32
127
192
15
255
40
127
192
15
255
40
127
192
15
255
48
127
192
15
255
48
127
192
15
255
48
127
200
11
255
48
127
200
11
255
64
127
208
7
255
64
127
208
7
255
64
127
208
7
251
64
127
208
7
251
64
127
208
7
251
64
119
208
7
247
64
111
208
5
247
64
111
216
5
247
64
111
224
3
247
64
111
224
3
247
72
111
224
3
247
72
95
224
3
239
80
95
224
3
239
80
95
224
3
239
80
95
224
3
239
80
95
224
1
239
80
95
228
1
239
96
95
