1
1
1
4
7
11
15
20
25
32
40
47
55
63
72
82
91
101
111
121
132
143
153
163
172
182
191
199
208
215
223
229
236
241
245
249
253
255
255
255
255
255
255
253
249
245
240
235
228
222
214
206
197
189
180
170
160
150
140
130
120
109
99
89
80
71
61
52
45
37
32
25
19
13
9
6
4
1
0
0
1
2
5
7
11
16
22
27
33
41
48
56
66
75
85
93
104
114
124
134
144
154
164
175
183
193
201
210
218
225
231
237
242
246
251
254
255
255
255
255
255
254
251
248
244
239
233
226
220
213
204
196
187
177
168
158
148
138
128
117
107
97
88
78
68
59
52
44
36
29
23
17
13
9
6
3
1
0
1
1
2
5
8
12
18
23
28
35
43
51
59
68
76
86
96
107
117
126
137
147
157
167
177
185
195
204
212
219
226
233
239
243
247
251
254
255
255
255
255
255
254
251
247
243
237
231
225
218
211
202
194
185
176
166
155
145
134
125
116
105
96
85
76
66
58
50
41
34
28
22
16
12
8
4
2
2
1
0
1
4
6
9
13
18
24
30
38
45
52
60
70
79
89
99
108
118
129
139
149
159
169
179
187
197
205
213
221
228
234
239
244
249
252
255
255
255
255
255
255
253
250
246
242
236
230
224
216
208
200
192
183
172
163
153
144
133
123
112
102
92
83
73
64
56
48
40
34
27
20
16
10
8
4
2
1
0
0
2
4
6
10
14
19
25
32
38
46
54
63
71
81
90
101
111
121
131
141
151
162
171
181
190
199
207
215
223
229
235
240
246
250
252
255
255
255
255
255
255
252
249
246
241
235
229
222
215
207
198
189
180
170
161
151
140
130
121
110
100
90
80
70
62
54
46
38
32
25
20
15
10
6
4
2
1
0
1
2
4
8
11
15
20
26
34
41
48
56
65
74
84
94
103
113
124
134
143
154
163
173
184
191
201
209
217
224
231
237
242
246
250
254
255
255
255
255
255
254
252
248
244
240
234
228
220
213
205
196
187
178
168
158
148
138
128
118
108
98
88
78
70
61
51
44
36
30
23
17
13
9
6
4
1
0
0
1
3
5
8
12
17
23
29
35
41
50
59
67
76
86
95
105
116
127
135
146
156
167
175
185
195
203
211
219
226
232
238
244
247
251
254
255
255
255
255
255
254
251
248
243
238
232
226
218
211
203
195
185
176
166
156
146
136
126
115
105
96
86
76
67
58
50
43
35
28
21
17
13
8
5
3
1
0
1
2
3
5
9
13
18
23
29
36
44
53
61
69
78
88
98
107
118
128
138
149
159
167
177
187
197
205
213
220
227
233
240
245
249
251
254
255
255
255
255
255
253
251
247
242
236
231
224
217
209
201
192
184
174
164
154
144
134
123
114
103
93
83
74
65
56
48
40
33
27
21
15
11
7
4
2
1
0
1
2
4
7
10
13
19
25
31
38
46
54
62
71
81
90
99
110
121
131
141
151
160
171
181
190
198
206
215
223
229
235
240
245
249
253
255
255
255
255
255
255
253
249
245
241
236
229
222
216
208
199
190
181
171
161
152
142
131
121
112
101
91
81
71
64
54
46
39
32
25
20
14
10
7
4
1
0
1
1
2
4
7
11
15
21
26
32
40
47
55
64
74
83
92
103
111
122
132
143
153
163
173
182
191
201
209
216
223
230
236
242
246
250
253
255
255
255
255
255
255
252
249
244
240
234
228
221
214
205
197
188
179
169
160
149
138
128
120
109
98
88
80
70
61
53
44
36
30
24
19
13
9
6
3
2
1
0
0
2
5
7
11
16
22
28
35
42
49
57
66
75
85
94
105
115
126
135
145
155
165
175
185
193
202
210
218
226
231
237
242
247
251
253
255
255
255
255
255
255
251
248
244
239
232
226
219
212
204
196
186
176
166
157
147
136
128
116
106
96
87
77
67
58
51
43
35
29
22
16
12
9
5
2
1
1
0
2
3
5
8
13
18
23
28
36
43
51
60
69
77
86
97
107
117
127
138
148
158
167
177
186
196
205
213
219
227
233
239
244
249
251
254
255
255
255
255
255
254
251
247
243
237
232
225
218
210
202
193
184
174
165
155
144
134
124
114
104
94
84
74
66
58
49
40
33
28
21
16
11
7
4
2
2
1
0
1
4
6
10
14
18
24
31
38
45
53
62
71
80
90
99
109
119
130
140
150
159
170
180
189
198
206
214
221
229
234
240
245
249
252
255
255
255
255
255
255
253
250
246
241
236
230
223
216
208
200
192
181
172
162
152
144
132
122
112
101
92
82
72
64
54
48
40
32
26
19
16
11
7
4
2
0
