108
28
0
41
127
214
255
233
156
64
6
14
79
173
243
253
200
108
28
1
41
127
215
255
232
154
64
6
13
79
174
243
252
198
108
28
0
41
127
214
255
232
154
64
6
13
81
173
243
253
198
106
28
1
41
127
215
255
232
153
64
6
13
81
175
244
253
198
106
27
1
41
127
215
255
232
154
64
6
13
81
175
244
253
197
106
27
1
41
127
215
255
232
153
62
4
13
82
175
244
252
197
105
26
1
43
127
215
255
232
152
60
5
14
83
175
245
253
196
104
26
1
43
127
215
255
232
152
61
5
14
83
175
244
252
196
105
26
1
43
127
216
255
231
152
60
5
15
83
175
245
252
196
104
26
1
43
129
216
255
232
152
61
5
14
83
175
245
252
196
104
26
1
43
131
217
255
231
152
60
4
15
85
177
245
252
196
104
25
1
44
131
217
255
231
150
59
4
14
85
175
246
252
194
103
26
1
44
131
217
255
229
150
60
4
15
85
178
245
252
194
104
24
1
45
131
217
255
230
150
58
5
15
85
178
245
252
194
102
25
1
43
131
218
255
230
149
60
4
15
85
179
245
252
194
102
24
1
45
133
218
255
230
149
57
4
15
86
179
246
252
194
101
24
2
45
133
219
255
229
148
57
4
15
86
179
246
252
193
101
24
1
45
133
219
255
229
148
58
4
15
87
179
245
251
193
100
24
2
46
133
219
255
228
148
57
5
15
87
179
246
252
192
101
24
2
45
134
219
255
228
148
58
4
15
87
180
246
251
192
100
23
1
47
134
219
255
228
147
57
4
17
87
181
247
251
192
100
23
1
46
135
220
255
228
147
56
3
16
87
181
247
251
192
100
22
1
47
135
219
255
228
146
56
4
18
89
181
247
251
192
98
23
2
47
135
220
255
228
146
56
4
17
89
181
246
250
192
98
22
1
47
135
220
255
228
146
56
3
18
89
181
247
250
192
98
23
2
47
135
221
255
227
145
56
3
17
89
183
247
250
190
98
22
2
47
137
221
255
227
145
54
3
17
89
183
247
250
190
97
22
2
48
137
222
255
226
144
54
3
17
91
183
248
250
189
97
20
1
50
138
222
255
226
144
53
3
18
91
183
247
250
188
96
21
2
49
137
223
255
225
144
54
3
18
91
183
248
249
188
96
21
2
51
139
222
255
226
144
53
3
19
91
183
248
250
188
96
22
3
49
139
222
255
225
144
54
3
18
91
185
248
249
188
96
21
2
51
139
223
255
225
142
52
3
19
92
185
248
250
188
96
20
2
50
139
223
255
225
142
52
2
18
93
186
249
249
187
96
20
2
51
140
223
255
225
142
52
2
19
93
185
249
249
186
96
20
2
51
140
223
255
224
141
52
2
19
94
186
249
249
186
96
19
2
53
141
223
255
224
140
52
2
20
94
186
249
249
186
93
20
3
52
141
223
255
224
140
52
2
20
95
187
248
248
186
94
20
3
53
141
224
255
224
140
52
3
21
95
187
249
248
185
92
20
3
51
141
225
255
224
140
52
2
21
95
187
249
248
186
92
19
3
53
142
225
255
224
140
51
3
21
95
187
250
248
184
92
19
2
53
143
226
255
224
139
50
1
21
95
188
250
248
184
92
19
3
53
143
225
255
224
138
50
2
20
95
189
250
248
184
92
18
3
53
143
226
255
222
138
48
2
21
95
189
250
248
184
90
18
3
53
143
227
255
222
138
49
2
21
95
189
250
248
184
91
17
3
55
143
226
255
222
137
49
1
22
97
189
251
248
182
90
18
3
54
143
227
255
221
137
48
1
21
98
189
251
247
182
89
17
3
54
145
227
255
221
136
49
2
21
98
191
250
247
182
90
16
3
55
145
227
255
221
136
48
2
22
98
190
251
248
182
89
18
3
55
146
227
255
220
136
48
2
23
99
191
251
247
182
88
17
3
55
146
227
255
220
136
48
2
22
99
191
251
246
181
88
16
3
55
146
227
255
220
136
47
2
23
99
191
251
247
180
88
17
3
55
147
228
255
220
134
47
1
23
100
191
251
247
180
88
17
4
57
147
228
255
220
134
47
2
23
99
191
251
246
180
88
16
5
57
147
228
255
220
134
46
2
23
101
191
251
246
180
87
16
4
57
147
229
255
219
134
46
1
23
101
191
252
246
180
86
16
4
58
148
229
255
219
132
46
1
24
101
193
252
246
179
86
16
4
58
149
229
255
218
132
44
1
23
102
193
251
246
180
85
15
4
58
149
230
255
218
132
45
1
23
102
194
252
245
178
85
16
4
59
150
230
255
218
132
44
1
25
102
195
252
246
178
85
15
4
59
