49
2
21
97
190
250
248
183
90
18
3
55
145
227
255
222
137
48
2
22
97
189
251
248
182
90
18
4
55
145
227
255
221
136
48
1
21
98
190
251
247
182
89
17
3
55
145
227
255
221
136
48
2
22
98
190
251
247
182
89
17
3
55
145
227
255
220
136
48
2
22
99
191
250
247
182
89
17
3
55
146
226
255
220
136
48
2
23
99
190
251
248
181
89
18
4
55
145
227
255
220
136
48
2
22
99
191
250
247
182
89
17
3
55
146
227
255
221
136
48
2
23
98
191
251
248
182
89
18
4
55
145
227
255
220
136
48
2
22
99
191
250
247
182
89
16
3
55
146
227
255
221
136
48
1
23
99
191
251
247
181
88
17
3
55
146
227
255
220
136
48
1
22
99
191
251
246
181
88
16
3
57
147
227
255
220
136
48
2
23
99
191
251
247
180
88
17
4
57
147
227
255
220
136
48
2
23
99
191
250
246
181
88
16
3
57
147
227
255
220
136
48
2
23
99
191
251
247
180
88
17
4
55
147
227
255
220
135
48
2
23
99
191
251
246
182
88
16
4
57
146
227
255
220
136
46
2
23
99
191
251
246
181
88
17
4
55
147
228
255
220
135
47
1
23
99
191
251
246
181
88
16
3
57
147
228
255
220
134
46
1
23
100
191
251
247
180
88
16
4
56
147
228
255
219
134
47
2
23
99
191
251
246
180
88
16
4
57
147
228
255
220
134
48
1
23
101
191
251
247
180
88
17
5
57
147
228
255
220
134
47
2
23
99
191
252
246
180
88
17
3
57
147
229
255
220
134
46
1
23
101
191
251
246
180
88
16
4
57
147
229
255
220
133
46
2
23
100
191
251
246
180
86
16
4
57
148
229
255
219
134
48
1
23
101
191
251
246
180
88
16
5
58
147
229
255
220
133
46
2
23
100
191
251
246
180
88
16
4
57
147
229
255
218
134
46
2
23
101
191
251
246
180
88
16
5
57
147
228
255
219
134
45
2
23
101
191
252
246
180
87
16
4
57
147
229
255
218
134
46
1
23
101
191
252
247
180
86
16
4
59
148
229
255
219
132
45
1
24
101
191
252
246
178
86
16
4
57
149
229
255
218
133
46
1
24
102
191
251
245
179
86
16
5
58
149
229
255
218
132
45
2
24
101
191
251
246
179
86
16
4
57
149
229
255
218
132
44
1
23
102
193
251
246
180
86
16
5
59
149
229
255
218
132
45
2
25
101
193
251
246
178
87
16
4
59
149
230
255
218
133
46
1
23
102
193
251
246
180
86
15
5
59
149
229
255
218
132
46
1
24
101
194
252
246
178
86
16
4
59
149
229
255
218
132
45
1
25
102
193
252
246
178
85
15
5
58
149
229
255
218
132
45
1
23
102
194
252
246
178
86
16
4
59
150
230
255
218
132
44
1
25
102
194
252
246
178
85
16
4
58
150
231
255
217
132
44
1
24
103
194
252
245
178
85
16
4
59
149
230
255
218
132
44
1
24
103
195
252
245
178
85
16
4
59
151
230
255
217
132
44
1
25
103
195
251
245
178
84
16
5
59
151
230
255
218
131
44
1
25
103
195
252
245
177
85
16
5
59
151
230
255
217
132
44
1
25
103
195
252
245
178
84
16
5
59
150
230
255
217
132
45
1
25
103
195
252
245
177
85
16
4
59
151
230
255
217
132
44
1
26
103
195
252
246
178
84
15
5
60
150
230
255
217
131
44
1
24
103
195
252
245
178
85
15
5
59
151
230
255
217
132
44
1
25
103
195
252
246
178
84
15
5
59
151
231
255
217
131
44
1
25
103
195
252
245
178
84
14
5
59
150
231
255
217
130
43
1
25
103
195
253
245
176
84
14
4
59
151
231
255
216
130
44
0
25
103
195
252
245
177
84
14
4
61
151
231
255
217
130
43
1
26
103
195
253
245
176
84
15
5
60
151
231
255
216
130
44
1
25
103
195
252
244
176
84
14
5
61
151
231
255
217
130
44
2
26
103
195
252
245
176
84
15
5
59
151
231
255
216
130
44
1
25
103
196
252
245
177
84
14
5
61
151
231
255
217
130
43
1
26
103
195
253
244
176
84
15
4
59
151
231
255
216
130
43
1
25
105
196
252
244
176
84
14
5
61
151
231
255
216
129
43
1
25
105
195
253
244
176
83
14
5
60
151
231
255
216
130
42
1
26
105
196
252
245
176
82
14
5
61
151
231
255
216
129
42
1
26
105
197
253
244
176
82
14
5
61
151
231
255
216
129
42
0
27
105
197
252
244
176
82
14
6
61
151
231
255
216
128
43
1
27
103
